 0  0  0    0
 0.546853  4.74583  15.5248    13.3039
 0  0  0    0
 0.528572  4.99852  10.3469    12.4901
 0  0  0    0
 0.489214  4.44468  28.2316    15.3604
 0  0  0    0
 0.48079  5.10898  10.0956    12.6729
 0  0  0    0
 0.63165  4.52753  15.5098    12.2751
 0  0  0    0
 0.727371  4.35782  16.7095    11.4594
 0  0  0    0
 0.638253  4.61723  9.0374    11.212
 0  0  0    0
 0.58471  4.60575  19.7471    13.3689
 0  0  0    0
 0.561069  4.91908  12.8234    12.9704
 0  0  0    0
 0.503583  4.65293  17.4202    13.8374
 0  0  0    0
 0.722666  4.35941  21.9106    11.8218
 0  0  0    0
 0.543466  4.34284  10.5588    11.3113
 0  0  0    0
 0.553146  5.13144  21.3377    15.1488
 0  0  0    0
 0.463388  4.92245  14.942    14.1156
 0  0  0    0
 0.425194  5.6521  12.6421    14.8208
 0  0  0    0
 0.650014  4.41678  14.3772    11.7701
 0  0  0    0
 0.680522  4.51495  19.0613    12.3109
 0  0  0    0
 0.578034  4.9771  14.0831    13.2978
 0  0  0    0
 0.478215  4.83384  11.4252    12.7273
 0  0  0    0
 0.376545  5.87662  11.293    14.6204
 0  0  0    0
 0.577041  4.45268  15.705    12.4901
 0  0  0    0
 0.563339  4.70195  14.5878    12.9119
 0  0  0    0
 0.637385  4.53168  9.45202    11.153
 0  0  0    0
 0.588518  4.30803  15.6006    12.072
 0  0  0    0
 0.439243  5.49851  8.43953    12.4401
 0  0  0    0
 0.462872  5.19522  12.759    13.9102
 0  0  0    0
 0.36449  5.88127  12.4197    15.3033
 0  0  0    0
 0.58049  4.69396  15.4181    12.9462
 0  0  0    0
 0.58512  4.21782  10.6041    10.9417
 0  0  0    0
 0.578468  4.63577  9.21363    11.374
 0  0  0    0
 0.695524  4.71082  12.422    11.9375
 0  0  0    0
 0.409029  5.95151  9.71927    13.7784
 0  0  0    0
 0.518294  4.40631  11.1116    11.6835
 0  0  0    0
 0.416698  4.77949  7.24721    10.7335
 0  0  0    0
 0.653244  4.36853  8.19711    10.5011
 0  0  0    0
 0.512964  4.52558  10.75    11.814
 0  0  0    0
 0.49323  4.74091  11.9225    12.6672
 0  0  0    0
 0.88657  4.24905  11.686    10.275
 0  0  0    0
 0.607172  4.64426  14.3612    12.4939
 0  0  0    0
 0.635683  4.2826  21.4775    12.3069
 0  0  0    0
 0.407724  4.55062  15.8069    14.1474
 0  0  0    0
 0.345238  4.58416  29.612    19.9412
 0  0  0    0
 0.595983  5.17114  13.8151    13.5478
 0  0  0    0
 0.581707  5.33661  14.3467    14.0645
 0  0  0    0
 0.756489  4.44333  7.87959    10.5258
 0  0  0    0
 0.527925  4.79241  12.2697    12.7195
 0  0  0    0
 0.639806  4.26575  11.1544    10.9747
 0  0  0    0
 0.523286  4.82443  8.0597    11.3021
 0  0  0    0
 0.670262  4.62853  18.0714    12.5589
 0  0  0    0
 0.505823  4.58503  13.4355    12.7473
 0  0  0    0
 0.490183  5.07289  10.3569    12.7022
 0  0  0    0
 0.37384  5.01185  10.196    12.7916
 0  0  0    0
 0.677895  4.5559  12.5248    11.684
 0  0  0    0
 0.53482  4.6652  10.1389    11.8077
 0  0  0    0
 0.712306  4.56403  7.74474    10.7464
 0  0  0    0
 0.438199  5.00293  9.68615    12.3884
 0  0  0    0
 0.582405  4.27597  13.309    11.6474
 0  0  0    0
 0.575373  4.53026  13.7877    12.3181
 0  0  0    0
 0.673465  4.66211  14.0047    12.145
 0  0  0    0
 0.388805  6.27148  10.9438    14.9495
 0  0  0    0
 0.616436  4.37171  10.3417    11.0937
 0  0  0    0
 0.517332  4.3479  9.66835    11.12
 0  0  0    0
 0.299399  6.02675  9.02204    13.244
 0  0  0    0
 0.414985  5.50663  10.5263    13.6023
 0  0  0    0
 0.418828  5.86347  9.18273    13.3508
 0  0  0    0
 0.602982  5.31511  10.7704    13.0607
 0  0  0    0
 0.640646  4.27442  17.647    11.8927
 0  0  0    0
 0.482662  4.38969  10.4545    11.5709
 0  0  0    0
 0.377927  4.44672  36.7694    20.2958
 0  0  0    0
 0.49365  4.62045  12.9324    12.7467
 0  0  0    0
 0.635824  4.6463  10.9536    11.7272
 0  0  0    0
 0.568879  4.6099  12.2964    12.19
 0  0  0    0
 0.445072  5.46075  10.827    13.6254
 0  0  0    0
 0.471952  5.03286  18.0018    15.1271
 0  0  0    0
 0.676881  4.68035  19.2524    12.7446
 0  0  0    0
 0.512377  4.29837  19.8142    13.3939
 0  0  0    0
 0.74693  4.26153  10.2852    10.5283
 0  0  0    0
 0.469984  4.52626  11.8323    12.3462
 0  0  0    0
 0.591797  4.58064  11.3565    11.8212
 0  0  0    0
 0.694546  4.39052  12.6217    11.276
 0  0  0    0
 0.288428  6.71695  11.3211    15.7633
 0  0  0    0
 0.526946  4.79135  14.5302    13.3117
 0  0  0    0
 0.423358  6.30076  9.74554    14.2726
 0  0  0    0
 0.587547  4.66308  20.2262    13.5341
 0  0  0    0
 0.5272  4.30021  11.688    11.6038
 0  0  0    0
 0.461904  5.18509  18.9982    15.818
 0  0  0    0
 0.413229  5.10115  9.57328    12.5136
 0  0  0    0
 0.48033  4.65841  18.0753    14.224
 0  0  0    0
 0.499819  4.81942  9.56325    11.9398
 0  0  0    0
 0.478416  4.80706  8.88519    11.6587
 0  0  0    0
 0.566401  4.76218  11.4228    12.2801
 0  0  0    0
 0.509654  4.78938  10.2464    12.1274
 0  0  0    0
 0.599437  4.9272  11.1579    12.4313
 0  0  0    0
 0.46821  4.70249  10.6933    12.2591
 0  0  0    0
 0.6232  4.32729  8.13116    10.428
 0  0  0    0
 0.536262  4.85978  10.9385    12.4176
 0  0  0    0
 0.569454  5.12125  13.3395    13.4612
 0  0  0    0
 0.558516  4.56334  12.8777    12.2793
 0  0  0    0
 0.588674  4.62963  13.9127    12.4807
 0  0  0    0
 0.533211  4.97926  6.56283    10.8246
 0  0  0    0
 0.808402  4.42815  5.14913    10.0012
 0  0  0    0
 0.390201  6.02838  11.0427    14.6686
 0  0  0    0
 0.683372  4.39307  10.4292    10.9816
 0  0  0    0
 0.730019  4.52728  13.1257    11.5028
 0  0  0    0
 0.595096  4.48018  10.0652    11.2939
 0  0  0    0
 0.653367  4.21938  12.7975    11.0959
 0  0  0    0
 0.550625  4.5853  9.89251    11.5459
 0  0  0    0
 0.510482  4.24211  21.9203    13.5987
 0  0  0    0
 0.652284  4.38593  12.3132    11.3852
 0  0  0    0
 0.504707  5.0557  13.975    13.822
 0  0  0    0
 0.5636  4.45637  9.37091    11.1187
 0  0  0    0
 0.609957  4.36744  9.80375    10.9732
 0  0  0    0
 0.453152  4.44867  8.21611    10.8076
 0  0  0    0
 0.494407  5.18593  11.9178    13.4701
 0  0  0    0
 0.566236  4.70961  11.0951    12.0904
 0  0  0    0
 0.445345  5.27699  9.44474    12.6766
 0  0  0    0
 0.501287  5.34831  8.5115    12.3223
 0  0  0    0
 0.52795  5.10418  11.777    13.1597
 0  0  0    0
 0.474066  7.25536  9.1337    15.2933
 0  0  0    0
 0.581248  4.86284  8.52687    11.5481
 0  0  0    0
 0.670013  4.54349  7.30868    10.5841
 0  0  0    0
 0.653066  4.54323  10.5296    11.3848
 0  0  0    0
 0.437129  5.57988  12.4516    14.5665
 0  0  0    0
 0.660338  4.25129  14.0025    11.2996
 0  0  0    0
 0.679236  4.76648  15.649    12.558
 0  0  0    0
 0.53708  4.98224  13.5228    13.3873
 0  0  0    0
 0.396246  5.0071  13.7383    14.3442
 0  0  0    0
 0.658245  4.58638  10.9625    11.5454
 0  0  0    0
 0.705402  4.39383  19.9598    11.9135
 0  0  0    0
 0.436145  5.3363  9.48847    12.7924
 0  0  0    0
 0.610994  4.83932  9.21658    11.71
 0  0  0    0
 0.544981  4.76081  14.3455    13.094
 0  0  0    0
 0.497965  4.62463  13.8296    12.9806
 0  0  0    0
 0.369135  5.38859  10.4646    13.4822
 0  0  0    0
 0.472789  4.50836  26.6541    15.6125
 0  0  0    0
 0.552076  4.40122  15.3449    12.4882
 0  0  0    0
 0.551659  5.09057  12.0873    13.1453
 0  0  0    0
 0.758512  4.30125  30.2017    11.6962
 0  0  0    0
 0.491422  5.82176  8.74212    13.1356
 0  0  0    0
 0.524821  4.59247  10.2397    11.7343
 0  0  0    0
 0.624347  4.61276  28.6287    13.7667
 0  0  0    0
 0.737184  4.08013  21.5963    11.0177
 0  0  0    0
 0.784473  4.37738  15.4733    11.1323
 0  0  0    0
 0.513626  4.27712  13.0532    11.9805
 0  0  0    0
 0.672092  4.11329  12.8635    10.7897
 0  0  0    0
 0.802245  4.22184  8.82459    10.1648
 0  0  0    0
 0.475592  5.20278  14.7206    14.5125
 0  0  0    0
 0.515911  5.62118  10.9652    13.8164
 0  0  0    0
 0.44585  4.87349  10.5776    12.5703
 0  0  0    0
 0.747446  4.39027  15.5212    11.3393
 0  0  0    0
 0.603523  4.45245  12.5042    11.7621
 0  0  0    0
 0.362847  6.19717  10.1809    14.3613
 0  0  0    0
 0.482643  6.11781  8.64879    13.4892
 0  0  0    0
 0.626903  4.42619  18.7517    12.4702
 0  0  0    0
 0.641844  4.31841  18.551    12.0794
 0  0  0    0
 0.432907  5.05439  8.55176    11.8837
 0  0  0    0
 0.555226  4.81053  15.4788    13.3749
 0  0  0    0
 0.559744  5.29753  10.0701    12.871
 0  0  0    0
 0.533912  5.21074  14.8663    14.1941
 0  0  0    0
 0.607376  4.59642  12.7868    12.101
 0  0  0    0
 0.47753  4.50673  12.2179    12.3979
 0  0  0    0
 0.587021  4.49131  14.4023    12.2851
 0  0  0    0
 0.502335  5.46001  10.2827    13.2981
 0  0  0    0
 0.412312  5.16218  12.132    13.8346
 0  0  0    0
 0.509846  4.88995  13.7777    13.421
 0  0  0    0
 0.469554  4.59348  9.99156    11.7932
 0  0  0    0
 0.814846  4.24073  12.8667    10.5304
 0  0  0    0
 0.528584  4.5235  21.8043    14.0313
 0  0  0    0
 0.573447  4.70769  9.30667    11.5416
 0  0  0    0
 0.654115  4.48023  18.5156    12.3681
 0  0  0    0
 0.609307  4.50534  15.8092    12.4076
 0  0  0    0
 0.544243  4.78941  23.591    14.7437
 0  0  0    0
 0.451739  5.16188  10.2444    12.8761
 0  0  0    0
 0.55145  4.3524  34.5292    14.5352
 0  0  0    0
 0.43149  4.60677  11.4025    12.5133
 0  0  0    0
 0.569435  4.5929  17.1465    13.0961
 0  0  0    0
 0.588718  4.42737  8.49002    10.7528
 0  0  0    0
 0.624034  4.69387  10.3895    11.7237
 0  0  0    0
 0.552095  4.78688  8.0388    11.2358
 0  0  0    0
 0.535727  4.80448  8.33142    11.385
 0  0  0    0
 0.516763  5.57215  11.8862    14.0691
 0  0  0    0
 0.449279  5.5467  10.0122    13.3642
 0  0  0    0
 0.379147  5.69177  12.725    15.1212
 0  0  0    0
 0.711131  4.30848  7.31517    10.1467
 0  0  0    0
 0.529268  5.76185  12.3604    14.5422
 0  0  0    0
 0.407665  4.95826  13.1349    13.9356
 0  0  0    0
 0.658884  4.81765  7.28848    11.0742
 0  0  0    0
 0.721729  4.26835  14.6443    11.1087
 0  0  0    0
 0.546446  4.55422  11.5098    11.9717
 0  0  0    0
 0.498285  4.75361  8.56865    11.4174
 0  0  0    0
 0.499548  5.73462  8.53342    12.9103
 0  0  0    0
 0.576413  5.23864  7.86976    11.9287
 0  0  0    0
 0.447172  5.71156  10.741    13.9681
 0  0  0    0
 0.572394  4.78369  13.3023    12.758
 0  0  0    0
 0.63172  4.39277  13.4093    11.6663
 0  0  0    0
 0.336504  5.76032  10.9394    14.3211
 0  0  0    0
 0.476104  5.5526  7.39328    11.958
 0  0  0    0
 0.605172  5.07661  8.50851    11.9152
 0  0  0    0
 0.378948  4.70848  40.4482    21.8159
 0  0  0    0
 0.615907  4.35749  14.7723    11.8834
 0  0  0    0
 0.434378  4.55793  29.6203    17.0346
 0  0  0    0
 0.58247  4.57894  21.4809    13.5334
 0  0  0    0
 0.626444  4.40693  18.6719    12.4197
 0  0  0    0
 0.575847  4.69604  14.155    12.7388
 0  0  0    0
 0.736879  4.20205  9.3779    10.2949
 0  0  0    0
 0.589739  4.34596  26.2368    13.3345
 0  0  0    0
 0.49254  4.9609  12.4952    13.2642
 0  0  0    0
 0.478533  4.75492  16.9704    14.1926
 0  0  0    0
 0.539068  4.33911  26.5963    14.0135
 0  0  0    0
 0.673138  4.20709  20.0408    11.7031
 0  0  0    0
 0.507307  4.54362  22.1295    14.4029
 0  0  0    0
 0.697855  4.34204  14.8981    11.4187
 0  0  0    0
 0.510295  5.11752  13.6784    13.8261
 0  0  0    0
 0.473735  5.25956  11.9345    13.6756
 0  0  0    0
 0.645054  4.34437  10.6815    11.0305
 0  0  0    0
 0.598416  4.62012  13.4848    12.3281
 0  0  0    0
 0.607196  4.61102  12.7388    12.1227
 0  0  0    0
 0.527011  5.69887  9.54844    13.3628
 0  0  0    0
 0.615151  4.27614  19.2039    12.2566
 0  0  0    0
 0.480243  4.72271  16.3242    13.9491
 0  0  0    0
 0.501335  4.72778  14.8982    13.4441
 0  0  0    0
 0.50404  4.50561  9.81008    11.4841
 0  0  0    0
 0.555289  5.27775  8.52338    12.2489
 0  0  0    0
 0.543667  4.5886  10.9434    11.8888
 0  0  0    0
 0.369489  5.86757  14.5775    16.3598
 0  0  0    0
 0.531086  4.74379  11.3462    12.344
 0  0  0    0
 0.559727  4.70409  8.84451    11.3954
 0  0  0    0
 0.643176  4.7628  9.00038    11.4749
 0  0  0    0
 0.479657  6.64839  10.2933    15.1555
 0  0  0    0
 0.45503  6.09474  10.9214    14.6395
 0  0  0    0
 0.54729  4.21528  12.706    11.5826
 0  0  0    0
 0.462504  4.78285  8.1987    11.3009
 0  0  0    0
 0.873478  4.21239  11.1637    10.1993
 0  0  0    0
 0.458848  4.96645  16.6591    14.7502
 0  0  0    0
 0.482261  5.37952  9.68241    12.9247
 0  0  0    0
 0.771291  4.13466  10.7112    10.243
 0  0  0    0
 0.445504  4.71604  12.0541    12.8893
 0  0  0    0
 0.778142  4.14408  13.3225    10.4727
 0  0  0    0
 0.520193  4.56059  12.417    12.3457
 0  0  0    0
 0.34859  4.28555  29.7216    19.1975
 0  0  0    0
 0.6095  4.40873  21.9529    12.9029
 0  0  0    0
 0.535017  4.68261  12.9916    12.6654
 0  0  0    0
 0.747324  4.51636  5.51771    10.1213
 0  0  0    0
 0.604093  4.30225  12.1543    11.3774
 0  0  0    0
 0.448093  4.92219  10.7554    12.72
 0  0  0    0
 0.60087  4.41551  8.09627    10.596
 0  0  0    0
 0.551689  4.67178  12.6902    12.4866
 0  0  0    0
 0.470197  4.86748  12.5008    13.2001
 0  0  0    0
 0.434504  5.84745  10.3464    13.9846
 0  0  0    0
 0.547186  4.2753  8.80134    10.6344
 0  0  0    0
 0.557503  5.15566  10.7071    12.8335
 0  0  0    0
 0.686069  4.08643  16.5615    11.0498
 0  0  0    0
 0.669185  4.69074  7.5125    10.9175
 0  0  0    0
 0.61539  4.62191  8.90416    11.2096
 0  0  0    0
 0.409191  5.5027  11.3542    14.0238
 0  0  0    0
 0.470975  4.45731  9.86227    11.506
 0  0  0    0
 0.52568  5.62435  9.29411    13.1311
 0  0  0    0
 0.567828  5.07472  19.1291    14.5085
 0  0  0    0
 0.558113  4.55351  11.6664    11.9664
 0  0  0    0
 0.551869  4.8537  10.109    12.1022
 0  0  0    0
 0.484176  4.72989  9.87997    11.9445
 0  0  0    0
 0.398695  5.1245  11.1058    13.3597
 0  0  0    0
 0.40061  6.10703  9.02715    13.5336
 0  0  0    0
 0.336158  5.61227  16.227    16.9965
